Q

61919999199 8199119 81116 1119111 0991991971991199 1119111Η9111·
891991999911111111, welche 8191991919916911 0719116991πά97 8911911899
8161191191 nn Κ971161179, 8161191191911 der 99911991. (1991998197 1111981.
Bon. in 1318171199ηά 8911886979 111111 117199781161861111911911111 Breslnn.
119597 111989 91196911 1719 911911 11697 9171991119 in anatbnitz 6999611919
6711111699 11911Η971189117191971 17176 in 9969111 einzelnen 9999191119 119119
6971911191 werden.

1111187 den 582 Ν11171171977 69899711999116911 13911198 sind 419
7919996199 [17199199191119 11111 163 1199981911 11111 Β11191981191199911 Ur-
111191911 9711111191. Von den 412 9919161119191991919999191181 1771119197
1111881911 76 ans Handncnn'flen 111111 1171191911 911991111117976811, weil
eine 6998979 [1919719997911991871196791191 8191 nient 9717198811 191. 1119
ans aninnlen 9617 91919911891191 Β99197619711989711911199 9989169999
343 111111 sind 9911999797 dnn:

K. 11111111.Η9118·, Hos· 71181919979111719 Winn Ν7. 273 ;

1111997, Landnarchiv 1111199981 Ν7, 15, 16,17, 52, 63, 67,
79, 79, 87, 89, 99, 99, 199, 118, 197, 199191, 178, 919, 998,
231, 236, 237, 242, 255, 256, 257, 258, 259, 264, 265, 276,
275, 276, 277, 278, 283, 285, 366, 366, 367, 326, 327, 339,
331, 333, 335, 345, 357, 361, 362, 365, 366, 367, 373, 377,
378, 393, 394, 395, 399, 499, 491, 492, 494, 495, 412, 413,
415, 416, 417, 426, 439, 431, 432, 433, 437, 455, 469, 472,
476, 591, 563, 517, 521, 522, 528, 533, 549, 543, 544, 546,
554, 557, 564, 565, 567, 575, 582,·

9911111191111911111111. 88, 19, 89197, 119, 191, 199,
169, 269, 266, 279, 284, 363 394, 326, 328, 338, 356, 379,
371, 372, 386, 388, 389, 396, 461, 471, 473, 511, 525, 545;

891197911911911Ν7. 74, 94, 95, 195, 265, 267, 234, 239,
248, 262, 321, 323, 374, 463, 446, 496, 491;

81911979119 1119989ηό1179 Ν7. 346, 391, 456, 486, 487,
488, 496, 523, 522,-

81191111111111911111111. 211, 235, 919, 978 ;

81961979119 1119119891 Ν7. 342, 354, 495;

81161979119 Κ7911811161 Ν7. 218,·

9791188. 819918979119116711981979Ν7. 27, 28, 31, 34, 59, 91,
189199, 351,-

111997. 9119991. 11919189791119 1911196911 Ν7. 5 7 9;

1179119197 Grnfen 11111111 11111118ωό1179 Ν7. 434,·

Archiv der Barone 11916179199911191111111119871819) Ν7. 253 ;

 

