2911-

111111 1111111111 1111111 1111111 01111111111111 0191110111-
111111181111111111111, 11111111111111 1111 Ρ11111Κ11111111111111.
Das 1111111 01191111 111111 1111111111 1239 11, 111 der Ζ111 111
111111111111111111111540 11111 111 11111 81111 (1111111111 111
1889, 523 ff.) 5 6 7 1111111111, 01111111, 81111111111111 1111 1111111
1111111111. 0111111111 11111111 0111111111111-81111111, 111
1111111111111111111111111 1111111111, 1111111 111 1111 1111111111,
deren 111111 1111111111 1111111Ζ1111111111112101111399, deren
111111 1111111111 111 111 15. 1111111111 1111111, 1111 111 1111
Β111111 1111 1111111111 111 den 111111 111 1500 111111. Die
Alexander 111 1111111111 81111111 1111111 1111 1111111111 1334
1111 1111111 111 11111111 11111111· 11111111 1 1111111 1111111111 111
1111111111 1334 1111599, 11111111 38 1111111111 111 111 Ζ111111
111 81111111 111 1111111, 1111111111. 1600 1111620, ΙΙΙ. 1020-
1620, IV. 1630—1636, V. 1637-1642, VI. 1643-1654, VII.
1655—1670, VIII. 1671—1685, IX. 1080-1700, Χ.Β11111111
1111118. 11119. 1111111111, XI. 1111111111 1111 1111111111 8111111
111 011110, XII. 111 XIII. 1111111111 111117. 111111111111.

[1111111111111 aller 11111111119111111 8111111111 1111111111
111 1111111111 1111111111 11111111 111 0111111111 11111111 (112.
September 1855 11 0111111, 1111111111 1111111111 Β1111111111111
1111111 ees 1111111111 0111111111 XI, 15 0 ; Ε. 1. 1111111111
1111119111. (11111111 1111111111 XV, 597). 811111 1111111 8111111111
111 Η1111111111111, 1111111 1111111111 111111 111 1111 1111111111111111,
hustet weder 111 1111111111 1111111111 1111 111 1111 11111111 oder
rein 1111111111 01111111 11, eandem 11111111 1111111111111111
81111111 11 11111111 8111 111 1111111. Er 111 1111 111111111 811111
111 yeme 1111111, 11111 1111111 11111 [1111111111 11 11111111
1111111111 worden 111. Die Η1111111111 des 111111111111 1111111111
11111 (1111111 1111 1111111111 8111. 11111. Ι. Seite VII) 11111111
dae 11111111 11, 1181111191 111 Manen 11111111, Ioseph 1111111
110 des Vereines fier 1111111111111111111111 11111111 11, 111 11111
1111111 0111 Keme‘ny'e 81111111 11111 1111111111 Β11111 des 111111-
1111111111 11111111 11 1111111111. Die Β111111111, dass Kameny's
111111 111111117111111 8111111111 11111111111111111111111111, 11111
111111, 11111 eine 111111111111 11111 11111111. Η11111 1111111 1111,
8111111111 11111111, 111111 1111111111-1131111111 111111111, 111
1111111 1111111111 1111 111 ilem 111111 111 11111 111111111111 0111111
1111111111, 111111 11111111 die Aeschriften der 011011111111.

 

